0010010010000000000000000000000000000000000000000000
0000010010000011000000010000000000010000000000000000
0000011101100000000000001000000000011010010000000000
0000011000100000000000001000000000011010010000000000
0011010100000000000000000000000000000000000000000000
0000010010000011000000010000000000010000000000100000
0000011001100000000000001000000000011010010000000010
0000010111100000000000001000000000011010010000000010
0100100100100000000000010000000000100000000001100000
0000010010000011000000010000000000010000000001000000
0100100101010000000010000000100000000000000000000000
0100100101010000000010000000100000000000000000000000
0000010010000000100000000000001000011000000000000000
0000010010000011000000000100000000010000000000000000
0000010010000010000000001000000000000100010000000010
0000011100100000000000001000000000000000000000000010
0001010000000000000000000000000000000000000000011100
0001010001000000000000000000000000000000000000011000
0000100001100000100001000000000000000000000000000000
0000100001100000100001000000000000000000000000000000
0000010010000010100001000000001001011000000000000000
0000010010000010100001000000001001000110000000000010
0000010010000000100000000000001000000100010000000010
0000010000010000000000010000000000000000000001100100
0000010001010000000000010000000000000000000001100000
0001011001010000000000000000000000000000000000010100
0000000000000000000000000000000000000000000000000000
0000010010000011000000100000000000000000000000000100
0001011100010010000001000000000001000000000000010100
0001011101010000000000000000000000000000000000010000
0000010010000000100000100000000100000000000000000100
0000010010000011000000100000000000000000000000000000
1000000000000100000000000000000000000000000000000000
0001100001010000000000000000000000000000000000010100
0100110011000010000000000000010010100001000000000000
0000100000001000000000100000000000000000000000000100
0001100100010000000000000000000000000000000000010100
0000101001100010000000000000010010100001000000000000
0000100111000000100000100000000100000000000000000000
0000101000100010000000000000010000000001000000000000
0001101000010000000000000000000000000000000000010100
0001101001000000000000000000000000000000000000011100
0000100010000001010000100000000000000000000010000000
0000101111010000000000000001000000000000000000000000
0000101101010000010010000000100000000000001100000000
0000100101000010000100000000010000100000000000000000
0000000000000000000000000000000000000000000000000000
0000110000100000000000000000010000100000100000000000
0001110000000000000000000000000000000000000000011100
0100100101010001010010000000100000000000000010000000
0000110100100000000000000010000000000000000000000000
0000010010000000000000000000000000000000000000000000
0001110100010000000000000000000000000000000000010100
0000000000000000000000000000000000000000000000000000
0000010010000000100000100000000100000000000000000100
0000000000000000000000000000000000000000000000000000
0000000000000000000000000000000000000000000000000000
0000000000000000000000000000000000000000000000000000
0000000000000000000000000000000000000000000000000000
0000010010000010001000000000010010100001100000000000
0000000000000000000000000000000000000000000000000000
0000000000000000000000000000000000000000000000000000
0000000000000000000000000000000000000000000000000000
0100100101010000000010000000100000000000000100000000
